1197,3202,2086,152,2643,1289,779,397,270,2589,2054,3115,1754,1414,1691,393,2599,458,894,1999,2209,2153,2459,460,2667,236,360,1371,783,1383,Accuracy:0.7775280898876404Precision;0.7919621749408984Recall:0.7528089887640449F1-Score:0.7718894009216589
1177,2332,1805,1424,1176,636,1227,2928,2593,873,2704,1930,1106,803,2187,1183,1655,567,1660,1100,704,2417,727,2589,975,696,937,869,1553,520,Accuracy:0.7393258426966293Precision;0.6884955752212389Recall:0.8741573033707866F1-Score:0.7702970297029703
1674,2274,2387,1111,1322,2315,21,1417,231,1194,1945,129,2221,2335,676,249,707,470,2217,2704,2162,1873,175,2786,3250,1905,1746,726,2967,245,Accuracy:0.6865168539325842Precision;0.6343042071197411Recall:0.8808988764044944F1-Score:0.7375352775164629
1047,3159,3093,1455,3031,34,2466,411,1383,496,1436,336,1475,3175,2447,1974,695,2077,850,2420,3225,1564,1840,2874,1469,3053,3235,2048,2668,2979,Accuracy:0.7842696629213484Precision;0.8465753424657534Recall:0.6943820224719102F1-Score:0.7629629629629631
1947,66,1497,2964,3245,1062,2476,2543,2629,1043,935,1007,2643,1455,768,2575,1775,3194,896,1040,1284,2452,897,1353,1873,3135,692,1738,3028,2042,Accuracy:0.7247191011235955Precision;0.7155172413793104Recall:0.7460674157303371F1-Score:0.7304730473047305
65,3248,2720,479,519,462,1205,1469,92,3116,2188,2328,1534,524,3106,2303,1385,581,1841,2413,803,858,1270,1925,1952,129,2722,2505,2102,26,Accuracy:0.6752808988764045Precision;0.6234177215189873Recall:0.8853932584269663F1-Score:0.7316620241411327
1347,562,581,67,1853,1331,2069,1556,2742,1084,2037,972,2031,3105,120,140,43,1836,978,3082,1508,45,471,1673,867,2303,543,1265,2891,3163,Accuracy:0.7539325842696629Precision;0.8021390374331551Recall:0.6741573033707865F1-Score:0.7326007326007327
1197,3202,2086,152,2643,1289,779,397,270,2589,2054,3115,1754,1414,1691,393,2599,458,894,1999,2209,2153,2459,460,2667,236,360,1371,783,1383,Accuracy:0.7775280898876404Precision;0.7919621749408984Recall:0.7528089887640449F1-Score:0.7718894009216589
1197,3202,2086,152,2643,1289,779,397,270,2589,2054,3115,1754,1414,1691,393,2599,458,894,1999,2209,2153,2459,460,2667,236,360,1371,783,1383,Accuracy:0.7775280898876404Precision;0.7919621749408984Recall:0.7528089887640449F1-Score:0.7718894009216589
1197,3202,2086,152,2643,1289,779,397,270,2589,2054,3115,1754,1414,1691,393,2599,458,894,1999,2209,2153,2459,460,2667,236,360,1371,783,1383,Accuracy:0.6685393258426966Precision;0.6027397260273972Recall:0.9887640449438202F1-Score:0.7489361702127659
1197,3202,2086,152,2643,1289,779,397,270,2589,2054,3115,1754,1414,1691,393,2599,458,894,1999,2209,2153,2459,460,2667,236,360,1371,783,1383,Accuracy:0.6685393258426966Precision;0.6027397260273972Recall:0.9887640449438202F1-Score:0.7489361702127659
1738,2216,2567,597,2040,742,2865,346,3164,336,329,52,1576,2255,1258,282,58,984,1093,607,1440,1234,59,2906,973,1802,1542,2929,3125,1940,Accuracy:0.6426966292134831Precision;0.5834428383705651Recall:0.9977528089887641F1-Score:0.7363184079601991
1403,1091,629,2079,2150,3085,2083,1101,736,1481,3222,590,1145,195,1867,2948,2722,2898,3132,17,1191,889,2718,2725,1505,1613,501,709,667,1010,2236,533,2108,746,396,3274,244,2801,3035,3281,Accuracy:0.6707865168539325Precision;0.603542234332425Recall:0.9955056179775281F1-Score:0.7514843087362171
233,2673,486,1664,19,278,2486,3146,567,545,1002,970,1115,2725,1535,2327,2199,569,2560,1265,1330,2334,794,1812,2872,1039,848,2981,637,571,986,2284,3175,1392,375,639,2175,118,203,2308,Accuracy:0.6674157303370787Precision;0.601360544217687Recall:0.9932584269662922F1-Score:0.7491525423728813
2295,2958,689,1264,1466,1590,2937,2469,637,3267,9,2616,899,1971,129,2683,1890,2884,1025,1437,2175,591,2943,444,2450,1789,3041,670,460,703,1280,2182,1674,3248,2049,1861,3151,618,1629,2179,Accuracy:0.6640449438202247Precision;0.5983827493261455Recall:0.9977528089887641F1-Score:0.7481044650379107
3167,332,2953,2130,1553,2125,2101,134,868,1006,963,818,2172,346,2260,1884,2664,158,2850,1706,3260,509,201,93,1946,1249,812,1647,1965,1626,639,1483,1126,701,1600,2461,1936,1484,2439,821,Accuracy:0.6348314606741573Precision;0.577922077922078Recall:1.0F1-Score:0.7325102880658436
2637,316,2936,3072,1832,2466,1752,57,2555,3054,2241,2619,629,3232,2826,1224,1271,1344,1361,508,1054,1489,1662,2477,2269,1901,1381,1036,3164,3089,2783,164,2446,103,480,95,3248,2058,2607,1862,Accuracy:0.6550561797752809Precision;0.5917553191489362Recall:1.0F1-Score:0.7435254803675857
51,2646,1543,2027,1410,3045,633,559,2071,2733,1072,2845,2780,2150,2661,2225,2988,1143,80,3268,846,2159,2155,1621,3023,1528,851,1538,324,2607,2310,1223,2729,382,2642,910,573,248,3192,59,Accuracy:0.651685393258427Precision;0.5896414342629482Recall:0.9977528089887641F1-Score:0.7412353923205343
217,572,1846,1061,554,2215,1468,2313,3140,787,1715,3270,184,101,1467,1671,2792,2774,2082,3215,2805,391,444,1238,3031,639,2908,3257,3265,1848,1381,1590,3144,3190,2028,638,221,2109,2294,1360,Accuracy:0.6528089887640449Precision;0.5904255319148937Recall:0.9977528089887641F1-Score:0.7418546365914787
2377,348,1590,2816,2576,2811,2024,2984,2245,2237,1320,3214,78,54,2217,428,779,2880,1225,637,1690,2201,1809,2967,599,1765,2175,916,1808,1986,1889,2473,66,1448,1223,2489,1624,1182,2264,2076,Accuracy:0.6573033707865169Precision;0.5935828877005348Recall:0.9977528089887641F1-Score:0.7443419949706622
2474,898,1914,1173,2593,2003,2660,1661,2522,3048,19,1616,3198,496,331,667,2021,2308,1260,2201,1451,2055,1752,549,209,2285,1412,163,2188,1534,337,2869,13,2622,532,2752,1508,3206,2121,211,2515,2751,2608,1649,520,1286,119,1806,791,2865,Accuracy:0.6685393258426966Precision;0.6016260162601627Recall:0.9977528089887641F1-Score:0.7506339814032122
1015,835,449,337,1454,87,1814,1025,1980,699,1808,93,483,1212,129,2736,194,1929,2056,1795,404,2969,2185,1683,147,1121,936,1891,362,2110,246,520,3125,1716,1255,75,270,2779,1267,2938,3220,1030,439,1845,3246,39,2157,1563,10,3037,Accuracy:0.6842696629213483Precision;0.6135734072022161Recall:0.9955056179775281F1-Score:0.7592116538131962
3207,2133,1630,285,2665,520,635,707,2698,1936,1244,1576,1415,3279,194,1974,1395,3024,359,2929,514,2909,3090,783,3067,2376,1077,1594,1018,573,2105,149,1211,1186,2063,801,1975,2951,3081,46,184,429,252,3158,1341,3102,2628,1721,2335,3247,Accuracy:0.6853932584269663Precision;0.6144244105409153Recall:0.9955056179775281F1-Score:0.7598627787307032
